world: world
x: -157.53093843976436
y: 87.0
z: 223.4421351633774
yaw: -42.241978
pitch: 8.257866
name: PVP
