world: world
x: 21.537713194016582
y: 66.0
z: 460.30000001192093
yaw: 180.32788
pitch: -1.6504936
name: shop
