world: world
x: -898.6542547437269
y: 120.0
z: 22.484922199116077
yaw: -90.265396
pitch: 25.49999
name: Staff
