world: world
x: 0.6481021896311902
y: 106.0
z: 2.4216333624518684
yaw: -20.204256
pitch: 49.64999
name: Why_is_this_a_warp
