spawns: 
  default: 
    world: world
    x: 13.527523059119103
    y: 191.0
    z: 369.51756671104783
    yaw: -89.88559
    pitch: 10.200021
