spawns: 
  default: 
    world: Factions
    x: 41.44393281469615
    y: 71.0
    z: 89.47813344991206
    yaw: -179.70245
    pitch: 5.399998
