geolocation: United Kingdom
lastAccountName: epicdragon03
timestamps:
  login: 1466698696101
  logout: 1466698825954
ipAddress: 80.1.25.253
lastlocation:
  world: Factions
  x: 41.44393281469615
  y: 71.0
  z: 89.47813344991206
  yaw: -179.70245
  pitch: 5.399998
logoutlocation:
  world: Factions
  x: 40.2224119533908
  y: 70.0
  z: 89.74342253254619
  yaw: -85.52751
  pitch: -6.5175524
