lastAccountName: AphmauFan679
timestamps:
  login: 1465512213037
  logout: 1465512309039
ipAddress: 50.163.188.110
lastlocation:
  world: world
  x: -610.5
  y: 215.0
  z: 335.5
  yaw: 0.0
  pitch: 0.0
geolocation: United States
logoutlocation:
  world: world
  x: -618.5394624135243
  y: 175.0
  z: 333.46564075099957
  yaw: 89.74122
  pitch: 1.6889309
