lastAccountName: MasterK9910
timestamps:
  login: 1461869010515
  logout: 1461869120308
ipAddress: 82.46.130.144
geolocation: United Kingdom
lastlocation:
  world: world
  x: -615.6794778965968
  y: 175.0
  z: 337.16795321325515
  yaw: 207.06447
  pitch: 13.428124
logoutlocation:
  world: world
  x: -618.6231559916009
  y: 175.0
  z: 336.48818793798023
  yaw: 117.166374
  pitch: 14.100512
