lastAccountName: Mr_cookie105
timestamps:
  login: 1461431515631
  kits:
    youtube: 1460855847418
  logout: 1461431775506
  lastteleport: 1461431630299
ipAddress: 205.206.19.43
lastlocation:
  world: world
  x: -617.7317301258962
  y: 191.16290993143545
  z: 339.2659974680293
  yaw: -202.45876
  pitch: 61.538918
money: '-100.0'
logoutlocation:
  world: world
  x: -137.86502858268148
  y: 70.0
  z: 229.45984580944452
  yaw: 120.99549
  pitch: 0.29997572
