geolocation: Norway
lastAccountName: xSamohtPvP
timestamps:
  login: 1464185666946
  lastteleport: 1464186193831
  logout: 1464186390457
ipAddress: 90.149.255.204
lastlocation:
  world: world
  x: 2859.9891382679934
  y: 125.0
  z: 4907.500839986159
  yaw: -359.66333
  pitch: 2.0377622
logoutlocation:
  world: world
  x: 177.4387359882969
  y: 81.0
  z: 2544.1580654178206
  yaw: -295.5362
  pitch: -25.76199
