lastAccountName: TriforceStudios
timestamps:
  login: 1460813025783
  logout: 1460813653707
ipAddress: 99.169.172.88
geolocation: United States
lastlocation:
  world: world
  x: -613.1589261881602
  y: 175.0
  z: 333.0133096333091
  yaw: -142.4318
  pitch: 34.70397
logoutlocation:
  world: world
  x: -612.3000000119209
  y: 178.10408037809304
  z: 365.1816089478687
  yaw: -97.18616
  pitch: 46.32398
money: '0.0'
