lastAccountName: Silvercat711
timestamps:
  login: 1466985626440
  lastteleport: 1466983879430
  logout: 1466985645587
ipAddress: 69.126.116.167
lastlocation:
  world: Factions
  x: 41.44393281469615
  y: 70.0
  z: 89.47813344991206
  yaw: -94.65245
  pitch: 5.3999987
geolocation: United States
logoutlocation:
  world: Factions
  x: 10119.5
  y: 35.0
  z: 10029.5
  yaw: 0.588135
  pitch: 4.9499884
