lastAccountName: Blazing2799
timestamps:
  login: 1467007107405
  logout: 1467007269544
ipAddress: 124.191.14.104
geolocation: Australia
lastlocation:
  world: world
  x: -619.0
  y: 176.0
  z: 338.0
  yaw: 0.0
  pitch: 0.0
logoutlocation:
  world: Factions
  x: 49.692486021493096
  y: 69.0
  z: 83.79702774953536
  yaw: -179.3382
  pitch: 35.211918
