lastAccountName: witchhutmission
timestamps:
  login: 1466704974620
  logout: 1466705129366
geolocation: United Kingdom
ipAddress: 82.34.217.36
lastlocation:
  world: world
  x: -619.0
  y: 176.0
  z: 338.0
  yaw: 0.0
  pitch: 0.0
logoutlocation:
  world: Factions
  x: 72.50587911688561
  y: 65.0
  z: 124.619659607325
  yaw: -174.05823
  pitch: 19.236221
