lastAccountName: _71_
timestamps:
  login: 1466608158711
  logout: 1466608207849
ipAddress: 75.81.244.144
geolocation: United States
lastlocation:
  world: world
  x: -619.0
  y: 176.0
  z: 338.0
  yaw: 0.0
  pitch: 0.0
logoutlocation:
  world: Factions
  x: 22.610694459496226
  y: 65.0
  z: 129.88668021237217
  yaw: -113.232956
  pitch: 53.236813
