lastAccountName: WubADubNub
timestamps:
  login: 1466515284372
  lastteleport: 1466515488343
  logout: 1466515969827
ipAddress: 61.97.241.100
lastlocation:
  world: Factions
  x: 52.55049182677457
  y: 65.0
  z: 138.73951806195478
  yaw: 151.04736
  pitch: 26.16751
geolocation: Korea, Republic of
money: '0.0'
logoutlocation:
  world: Factions
  x: 1023.7263068218101
  y: 38.0
  z: 852.4907450092961
  yaw: 207.47583
  pitch: 18.662598
