lastAccountName: MushroomPig
timestamps:
  login: 1461761892902
  logout: 1461762655741
ipAddress: 88.88.41.170
geolocation: Norway
lastlocation:
  world: world
  x: -614.5
  y: 215.0
  z: 345.5
  yaw: 4.2168965
  pitch: 1.8448921
logoutlocation:
  world: world
  x: -605.2485615201708
  y: 175.0
  z: 352.6280330663775
  yaw: 300.2937
  pitch: 12.352716
