lastAccountName: ThunderKirby12
timestamps:
  login: 1465314310131
  logout: 1465314433448
ipAddress: 76.183.77.43
geolocation: United States
lastlocation:
  world: world
  x: -624.5
  y: 214.0
  z: 328.5
  yaw: 0.0
  pitch: 0.0
logoutlocation:
  world: world
  x: 1958.486499763555
  y: 64.0
  z: 3949.678039369151
  yaw: 113.849976
  pitch: 0.14999251
