lastAccountName: LightWarrior_Kaz
timestamps:
  login: 1465513948390
  lastteleport: 1465513967819
  logout: 1465514032631
ipAddress: 71.79.2.146
geolocation: United States
lastlocation:
  world: world
  x: -619.3827077820262
  y: 174.5
  z: 338.49229854470525
  yaw: 89.74122
  pitch: 1.6889309
logoutlocation:
  world: MobArena
  x: 15.482311466466898
  y: 87.42386156137314
  z: -14.804774896229247
  yaw: -324.65332
  pitch: 16.872368
