geolocation: Canada
lastAccountName: ZombieAceman77
timestamps:
  login: 1461341301037
  logout: 1461341337393
ipAddress: 24.222.228.71
lastlocation:
  world: world
  x: -619.5
  y: 215.0
  z: 345.5
  yaw: 0.0
  pitch: 0.0
logoutlocation:
  world: world
  x: -622.5567038571805
  y: 175.0
  z: 337.8645641859712
  yaw: -49.27741
  pitch: 16.392826
