lastAccountName: Preistest_Dragon
timestamps:
  login: 1465390169772
  lastteleport: 1465390766224
  logout: 1465392380779
  kits:
    youtube: 1461057510635
    default: 1460387527978
    helper: 1461096433867
    color: 1465322494860
    dtools: 1460387070690
    tools: 1460387058271
  lastheal: 1461008241683
ipAddress: 73.68.210.208
geolocation: United States
lastlocation:
  world: Factions
  x: -1306.0614119140425
  y: 121.43717636799826
  z: -1530.8988709043213
  yaw: -132.80518
  pitch: 90.0
logoutlocation:
  world: Factions
  x: -1294.4849340562869
  y: 72.0
  z: -1555.11040671676
  yaw: 293.92175
  pitch: 32.700027
money: '150.0'
homes:
  home:
    world: world_nether
    x: 5701.380896269914
    y: 64.0
    z: 27276.20662016654
    yaw: 124.04739
    pitch: 19.650105
afk: false
powertools:
  '383':
  - spawnmob ghast,ghast,ghast,ghast,ghast,ghast,ghast,ghast,ghast,ghast
nickname: guyontheright
