lastAccountName: ChihuahuaLove01
timestamps:
  login: 1460813421656
  logout: 1460814927068
ipAddress: 99.164.56.236
geolocation: United States
lastlocation:
  world: world
  x: -620.5
  y: 215.0
  z: 330.5
  yaw: 0.0
  pitch: 0.0
logoutlocation:
  world: world
  x: -628.0091282480385
  y: 195.46948648714476
  z: 338.0479632370561
  yaw: 352.60486
  pitch: 43.949986
