lastAccountName: cal3b123
timestamps:
  login: 1461526375416
  logout: 1461527622139
ipAddress: 197.93.201.66
geolocation: South Africa
lastlocation:
  world: world
  x: -612.5
  y: 215.0
  z: 336.5
  yaw: 0.0
  pitch: 0.0
logoutlocation:
  world: world
  x: -614.0860741323894
  y: 177.5
  z: 333.66364877392283
  yaw: -32.358124
  pitch: 62.399998
