lastAccountName: Panda457
timestamps:
  login: 1460848982468
  lastteleport: 1460849664817
  logout: 1460849694041
ipAddress: 71.179.6.25
lastlocation:
  world: world
  x: -1361.3574353447184
  y: 89.0
  z: 293.3873204377141
  yaw: 33.85034
  pitch: 46.650017
logoutlocation:
  world: world
  x: -1385.8162450171371
  y: 82.0
  z: 301.67145998240363
  yaw: -285.95132
  pitch: 39.750023
money: '0'
homes:
  home:
    world: world
    x: -1357.5704912187489
    y: 80.0
    z: 286.0590317222135
    yaw: -310.40112
    pitch: -27.89997
