lastAccountName: nonocp
timestamps:
  login: 1465225241584
  lastteleport: 1465225463762
  logout: 1465225550071
ipAddress: 188.120.148.184
geolocation: Israel
lastlocation:
  world: Factions
  x: -1307.6555546306413
  y: 79.06933153448686
  z: -1530.161710488097
  yaw: -294.6972
  pitch: 8.928873
logoutlocation:
  world: Factions
  x: -1301.0521587362293
  y: 70.0
  z: -1537.5650425246586
  yaw: 67.30405
  pitch: -12.3003
