world: world
x: -915.4906422520771
y: 141.0
z: 5.607992403240927
yaw: -224.65381
pitch: 6.5030384
name: Parkour
