world: world
x: 28.241753944452537
y: 188.0
z: 361.99074918392364
yaw: -257.5855
pitch: 72.449974
name: creepyppljail
