world: world
x: -139.5577301546211
y: 137.0
z: 346.4919174770746
yaw: -359.95312
pitch: 7.49998
name: Parkour
