world: world
x: -136.419448698748
y: 252.0
z: 278.83711456074974
yaw: 358.7752
pitch: 6.899891
name: Sumotori
