geolocation: Canada
lastAccountName: ZombieAceman77
timestamps:
  login: 1451329225949
  logout: 1451329385465
ipAddress: 76.11.35.44
lastlocation:
  world: world
  x: -60.5
  y: -1.0
  z: 276.5
  yaw: 0.0
  pitch: 0.0
logoutlocation:
  world: ASkyBlock
  x: 400.6060350148401
  y: 120.0
  z: 402.6150168585226
  yaw: -228.65024
  pitch: 28.01286
