lastAccountName: EpicKiller321
timestamps:
  login: 1466633308209
  logout: 1466633487144
ipAddress: 49.181.199.24
geolocation: Australia
lastlocation:
  world: world
  x: 13.0
  y: 191.0
  z: 369.0
  yaw: -6.6
  pitch: 40.95
logoutlocation:
  world: ASkyBlock
  x: -397.30000001192093
  y: 118.0
  z: -599.6608825662915
  yaw: -278.24893
  pitch: 37.649895
