lastAccountName: ComedicCoder
timestamps:
  login: 1466702291629
  logout: 1466702335917
ipAddress: 81.96.168.131
lastlocation:
  world: world
  x: 13.0
  y: 191.0
  z: 369.0
  yaw: 0.0
  pitch: 0.0
geolocation: United Kingdom
logoutlocation:
  world: world
  x: 6.197473002363624
  y: 188.5
  z: 368.47065828644486
  yaw: -341.20462
  pitch: -3.2426329
