lastAccountName: adamo1130
timestamps:
  login: 1464188064247
  logout: 1464188303830
ipAddress: 88.110.103.138
geolocation: United Kingdom
lastlocation:
  world: world
  x: 13.0
  y: 191.0
  z: 369.0
  yaw: 0.0
  pitch: 0.0
logoutlocation:
  world: ASkyBlock
  x: 604.7619558565157
  y: 128.0
  z: -196.9952799706361
  yaw: 277.76416
  pitch: 25.19988
