lastAccountName: MatthewThomas13
timestamps:
  login: 1451618711470
  logout: 1451619488857
  kits:
    elite: 1451618782275
  lastteleport: 1451619397152
ipAddress: 69.250.236.153
geolocation: United States
lastlocation:
  world: world
  x: -82.5430323908198
  y: 244.0
  z: 279.15170604145504
  yaw: 69.8776
  pitch: 39.900024
nickname: "\xa7cMatthew\xa76Thomas\xa7k13"
logoutlocation:
  world: world
  x: -132.561973869295
  y: 252.0
  z: 286.6109608817834
  yaw: -140.27509
  pitch: 71.69999
