lastAccountName: The_Lapis_Girl
timestamps:
  login: 1452736845248
  logout: 1452737119259
ipAddress: 70.196.139.149
geolocation: United States
lastlocation:
  world: world
  x: 20.5
  y: -1.0
  z: 378.5
  yaw: 0.0
  pitch: 0.0
logoutlocation:
  world: ASkyBlock
  x: 401.393052484118
  y: 126.0
  z: 204.707671993974
  yaw: -250.95067
  pitch: 2.5499344
