lastAccountName: ibellaSlyman
timestamps:
  login: 1461873629048
  lastteleport: 1461871908693
  logout: 1461873844006
  kits:
    elite: 1455032316597
    donor: 1454975996656
    mod: 1461871868676
    color: 1451420789355
    vip: 1455033160037
    ultra: 1459193756088
  mute: 0
  lastheal: 1455154192486
ipAddress: 70.192.208.204
geolocation: United States
lastlocation:
  world: ASkyBlock
  x: 598.8836175812075
  y: 125.0
  z: 396.0149423552056
  yaw: -262.31683
  pitch: 14.539401
logoutlocation:
  world: ASkyBlock
  x: 0.3618396188064898
  y: 124.0
  z: 199.10553875038707
  yaw: -25.649904
  pitch: -24.299738
godmode: false
afk: false
muted: false
money: '171629.0'
nickname: BellaTaken
