lastAccountName: REDEYEDMOB
timestamps:
  login: 1452283746387
  logout: 1452283895021
  kits:
    elite: 1451493539419
    vip: 1452283877390
  lastteleport: 1452283676897
ipAddress: 109.145.103.70
geolocation: United Kingdom
lastlocation:
  world: ASkyBlock
  x: -195.30855673330504
  y: 125.0
  z: -0.2019823330772493
  yaw: -67.19989
  pitch: 21.15003
logoutlocation:
  world: ASkyBlock
  x: -9.759298690427368
  y: 140.98935654623742
  z: 2.2195014055236313
  yaw: 63.750134
  pitch: 63.29997
mail:
- "\xa76[\xa7rMooshroomFunXL\xa76] \xa7ri had to go ill be back soon to help"
