lastAccountName: StarPlayzHD
timestamps:
  login: 1452619204389
  logout: 1452619367403
ipAddress: 84.213.154.75
geolocation: Norway
lastlocation:
  world: world
  x: -51.5
  y: -1.0
  z: 278.5
  yaw: 0.0
  pitch: 0.0
logoutlocation:
  world: ASkyBlock
  x: 1.8239031638258205
  y: 118.0
  z: -400.15257551944063
  yaw: 210.22571
  pitch: 90.0
