lastAccountName: PvP4Life_
timestamps:
  login: 1452644158189
  logout: 1452644268283
ipAddress: 24.192.194.8
geolocation: United States
lastlocation:
  world: world
  x: -55.5
  y: -1.0
  z: 275.5
  yaw: 0.0
  pitch: 0.0
logoutlocation:
  world: world
  x: -72.33497793040986
  y: 244.0
  z: 278.7240851429606
  yaw: 238.80011
  pitch: 10.349935
