lastAccountName: sirtristan18
timestamps:
  login: 1454201044946
  logout: 1454201064611
ipAddress: 24.76.230.209
geolocation: Canada
lastlocation:
  world: world
  x: 8.5
  y: -1.0
  z: 373.5
  yaw: 0.0
  pitch: 0.0
logoutlocation:
  world: ASkyBlock
  x: -397.58880236761365
  y: 118.0
  z: 601.4992410726995
  yaw: -179.40019
  pitch: 38.24998
