lastAccountName: NeoTv69
timestamps:
  login: 1455160112545
  logout: 1455160118300
ipAddress: 24.251.3.126
geolocation: United States
lastlocation:
  world: ASkyBlock
  x: -390.597618187652
  y: 118.0
  z: 405.43088921760136
  yaw: -168.36523
  pitch: 21.871508
logoutlocation:
  world: ASkyBlock
  x: -194.17986295325915
  y: 133.0
  z: -194.43256278475658
  yaw: 298.1479
  pitch: 40.77151
