geolocation: Norway
lastAccountName: ItzBob_
timestamps:
  login: 1466352448945
  logout: 1466352585801
ipAddress: 90.149.254.206
lastlocation:
  world: ASkyBlock
  x: 194.17841381724065
  y: 120.0
  z: 406.03104808530776
  yaw: 191.78514
  pitch: 20.55623
logoutlocation:
  world: world
  x: 13.417165558329366
  y: 191.0
  z: 369.0383521530049
  yaw: -79.32123
  pitch: 1.8587995
