lastAccountName: Tommy2009
timestamps:
  login: 1461867440623
  logout: 1461867805578
ipAddress: 88.88.41.71
geolocation: Norway
lastlocation:
  world: world
  x: 13.5
  y: 191.0
  z: 369.5
  yaw: -182.40161
  pitch: 3.4420555
logoutlocation:
  world: ASkyBlock
  x: 601.3458936654409
  y: 117.5
  z: -197.705019786286
  yaw: -19.44246
  pitch: 32.057434
