lastAccountName: _DogeTheDog_
timestamps:
  login: 1453508710220
  logout: 1453508716925
ipAddress: 205.206.19.43
lastlocation:
  world: world
  x: 9.5
  y: 218.0
  z: 369.5
  yaw: 0.0
  pitch: 0.0
geolocation: Canada
logoutlocation:
  world: world
  x: 19.88219807567222
  y: 188.5
  z: 369.0657298771789
  yaw: -97.08558
  pitch: 10.50002
