geolocation: Canada
lastAccountName: LDShadowLady____
timestamps:
  login: 1452032776751
  logout: 1452032806863
ipAddress: 76.11.35.149
lastlocation:
  world: world
  x: -57.5
  y: -1.0
  z: 280.5
  yaw: 0.0
  pitch: 0.0
logoutlocation:
  world: world
  x: -73.54621917850127
  y: 244.0
  z: 279.3783119340679
  yaw: 90.00019
  pitch: 4.6499505
