lastAccountName: Real_DreadLord
timestamps:
  login: 1453910328951
  logout: 1453910361626
ipAddress: 90.204.10.17
geolocation: United Kingdom
lastlocation:
  world: world
  x: 8.5
  y: 217.0
  z: 373.5
  yaw: 0.0
  pitch: 0.0
logoutlocation:
  world: world
  x: 22.70779545916126
  y: 188.0
  z: 367.92331953005925
  yaw: 282.56436
  pitch: 15.000021
