geolocation: United States
lastAccountName: EnderOG
timestamps:
  login: 1456016217204
  logout: 1456017029535
ipAddress: 74.215.86.218
lastlocation:
  world: world
  x: 13.5
  y: 217.0
  z: 361.5
  yaw: 0.0
  pitch: 0.0
logoutlocation:
  world: ASkyBlock
  x: 401.8151044843041
  y: 125.0
  z: -397.30000001192093
  yaw: 186.15051
  pitch: 31.649965
