lastAccountName: Jensen_Games
timestamps:
  login: 1450795560215
  logout: 1450797189896
  lastheal: 1450796823700
  kits:
    youtube: 1450796330919
ipAddress: 151.228.10.112
lastlocation:
  world: world
  x: -54.429106172224685
  y: 245.6707870772188
  z: 288.7961776121849
  yaw: 90.45056
  pitch: 5.399944
geolocation: United Kingdom
logoutlocation:
  world: world
  x: -119.07509069721084
  y: 250.52936763998758
  z: 284.96620308236766
  yaw: 311.52872
  pitch: 23.700018
nickname: ยง4SyncHD
