lastAccountName: PrettyGirl12
timestamps:
  login: 1455031761305
  logout: 1455033785421
ipAddress: 208.102.147.49
lastlocation:
  world: world
  x: 3.127464035279537
  y: 175.0
  z: 366.75865270312227
  yaw: -74.585266
  pitch: 12.450009
geolocation: United States
godmode: false
logoutlocation:
  world: world
  x: 13.527523059119103
  y: 191.0
  z: 369.51756671104783
  yaw: -89.88559
  pitch: 10.200021
