lastAccountName: LadyShaka
timestamps:
  login: 1461593918841
  logout: 1461594416846
ipAddress: 84.109.10.87
geolocation: Israel
lastlocation:
  world: world
  x: 13.0
  y: 191.0
  z: 369.0
  yaw: 0.0
  pitch: 0.0
logoutlocation:
  world: ASkyBlock
  x: 599.2337195972409
  y: 125.0
  z: 196.44272333771733
  yaw: 260.67212
  pitch: 12.399433
