lastAccountName: _XxcatloverxX_
timestamps:
  login: 1454715257570
  logout: 1454716164656
ipAddress: 202.22.228.228
geolocation: New Caledonia
lastlocation:
  world: ASkyBlock
  x: -394.8052101446859
  y: 127.76636799395752
  z: 2.453176114345476
  yaw: -33.000153
  pitch: 40.049995
logoutlocation:
  world: world
  x: 22.59974469151613
  y: 188.0
  z: 360.4149471760975
  yaw: 201.26443
  pitch: 8.549984
nickname: "\xa75C\xa7da\xa7bt"
