lastAccountName: Mikami_Kurosaki
timestamps:
  login: 1453764014789
  logout: 1453764053626
ipAddress: 24.143.42.131
geolocation: United States
lastlocation:
  world: ASkyBlock
  x: 210.56641629951858
  y: 116.0
  z: -363.88348655423556
  yaw: 133.80003
  pitch: 79.65004
logoutlocation:
  world: ASkyBlock
  x: 202.02127601109717
  y: 116.0
  z: -398.96693951335726
  yaw: 35.84997
  pitch: 30.300016
