lastAccountName: Miku_Kitty
timestamps:
  login: 1451533607193
  logout: 1451533702902
ipAddress: 69.92.71.131
geolocation: United States
lastlocation:
  world: world
  x: -45.5
  y: -1.0
  z: 286.5
  yaw: 0.0
  pitch: 0.0
logoutlocation:
  world: ASkyBlock
  x: -196.51023486709983
  y: 138.1655525886276
  z: 388.8844601967354
  yaw: 93.17482
  pitch: 1.1960158
