lastAccountName: CourtneyCat185
timestamps:
  login: 1460134466743
  logout: 1460134602129
ipAddress: 2.98.117.239
geolocation: United Kingdom
lastlocation:
  world: world
  x: -1.1414556125540112
  y: 189.0
  z: 367.30000001192093
  yaw: 10.629211
  pitch: 1.950004
logoutlocation:
  world: ASkyBlock
  x: 203.18679877062314
  y: 133.0625
  z: 605.9001051553716
  yaw: 239.6999
  pitch: 22.050003
