lastAccountName: Plecostemous
timestamps:
  login: 1456593354238
  logout: 1456594141998
  lastteleport: 1456593640884
  lastheal: 1456593678030
  kits:
    vip: 1456593583731
ipAddress: 109.151.173.142
geolocation: United Kingdom
lastlocation:
  world: world
  x: 32.577312104293156
  y: 194.0
  z: 370.62185063204385
  yaw: 112.31441
  pitch: 32.099995
logoutlocation:
  world: world
  x: 49.18955789249365
  y: 162.0
  z: 369.93845452278646
  yaw: 123.414154
  pitch: 71.09999
