lastAccountName: JessandZack
timestamps:
  login: 1466619936136
  lastteleport: 1466619941907
  logout: 1466621728059
ipAddress: 82.34.63.66
geolocation: United Kingdom
lastlocation:
  world: ASkyBlock
  x: -205.189431956059
  y: 125.0
  z: -601.0281179530978
  yaw: 298.02737
  pitch: 27.080107
logoutlocation:
  world: ASkyBlock
  x: -207.47437122344502
  y: 125.0
  z: -599.2870464338921
  yaw: 332.9792
  pitch: -11.350778
