lastAccountName: BreakinqAnkles
timestamps:
  login: 1451271183831
  logout: 1451271201302
ipAddress: 71.99.213.202
geolocation: United States
lastlocation:
  world: world
  x: -44.5
  y: -1.0
  z: 274.5
  yaw: 0.0
  pitch: 0.0
logoutlocation:
  world: world
  x: -53.30498624549753
  y: 246.0
  z: 280.6829684870181
  yaw: 218.57465
  pitch: 45.188885
