geolocation: United States
lastAccountName: coolerthanu8642
timestamps:
  login: 1451774516949
  lastteleport: 1451775133463
  logout: 1451775221732
ipAddress: 72.49.128.109
lastlocation:
  world: world
  x: -81.53815950354267
  y: 244.0
  z: 281.2411069348915
  yaw: -265.49963
  pitch: 24.44994
nickname: "\xa7acoolerthanu8642"
logoutlocation:
  world: ASkyBlock
  x: 396.8209353483595
  y: 125.0
  z: -192.55182350624722
  yaw: -134.54996
  pitch: 15.749997
