lastAccountName: witchhutmission
timestamps:
  login: 1466849452746
  lastteleport: 1466441003702
  logout: 1466849533822
ipAddress: 82.34.217.36
geolocation: United Kingdom
lastlocation:
  world: world
  x: 16.704049554797937
  y: 190.0
  z: 369.50270593907044
  yaw: -89.88559
  pitch: 10.231517
logoutlocation:
  world: ASkyBlock
  x: 202.0818458844137
  y: 120.0
  z: 398.708461679828
  yaw: -255.11906
  pitch: 35.510975
