lastAccountName: cal3b123
timestamps:
  login: 1461591294300
  logout: 1461591783317
ipAddress: 105.225.123.130
geolocation: South Africa
lastlocation:
  world: world
  x: 13.0
  y: 191.0
  z: 369.0
  yaw: 0.0
  pitch: 0.0
logoutlocation:
  world: ASkyBlock
  x: -378.5075667445532
  y: -212.4561737382984
  z: 395.32905673238196
  yaw: 96.60086
  pitch: -90.0
