lastAccountName: PixelMinerXD123
timestamps:
  login: 1461590926850
  lastteleport: 1461589914817
  logout: 1461591770994
ipAddress: 105.225.123.130
geolocation: South Africa
lastlocation:
  world: world
  x: 61.01518924024328
  y: 224.0
  z: 265.4422544789156
  yaw: -86.26947
  pitch: 52.649998
logoutlocation:
  world: ASkyBlock
  x: -397.942490971789
  y: 125.0
  z: 401.2980969108787
  yaw: 41.396973
  pitch: 9.7500105
