lastAccountName: _71_
timestamps:
  login: 1466608209396
  logout: 1466608305336
ipAddress: 75.81.244.144
lastlocation:
  world: world
  x: 13.0
  y: 191.0
  z: 369.0
  yaw: 0.0
  pitch: 0.0
geolocation: United States
logoutlocation:
  world: ASkyBlock
  x: 1.5310047229900676
  y: 119.0
  z: -597.070557209619
  yaw: 149.91373
  pitch: 49.766422
