lastAccountName: ThunderKirby12
timestamps:
  login: 1466355601011
  logout: 1466356023246
ipAddress: 76.183.77.43
lastlocation:
  world: world
  x: 13.0
  y: 191.0
  z: 369.0
  yaw: 0.0
  pitch: 0.0
geolocation: United States
logoutlocation:
  world: ASkyBlock
  x: 202.17307212565052
  y: 120.0
  z: 401.3710288778896
  yaw: 94.77907
  pitch: 10.500033
