lastAccountName: xLenaPikachux
timestamps:
  login: 1465760907893
  logout: 1465761004843
ipAddress: 212.186.20.100
geolocation: Austria
lastlocation:
  world: world
  x: 13.0
  y: 191.0
  z: 369.0
  yaw: 0.0
  pitch: 0.0
logoutlocation:
  world: ASkyBlock
  x: 203.56878740190626
  y: 111.0
  z: -599.3301774605654
  yaw: 83.84636
  pitch: -17.77104
