timestamps:
  lastteleport: 1461341292991
  login: 1461341293011
  logout: 1461341299988
lastlocation:
  world: world
  x: -559.9732431753126
  y: 48.0
  z: 163.69133014678968
  yaw: 249.04468
  pitch: 19.417715
geolocation: Canada
lastAccountName: ZombieAceman77
ipAddress: 24.222.228.71
logoutlocation:
  world: world
  x: -898.5
  y: 140.0
  z: 22.5
  yaw: 270.0407
  pitch: 2.0720031
