timestamps:
  lastteleport: 1461594130192
  login: 1461594130221
  logout: 1461594159218
lastlocation:
  world: world
  x: -882.8383466751754
  y: 141.0
  z: 22.44195705515449
  yaw: 269.29074
  pitch: -0.32799688
lastAccountName: PiePigAnonymous
ipAddress: 50.148.119.91
geolocation: United States
logoutlocation:
  world: world
  x: -898.5
  y: 140.0
  z: 22.5
  yaw: 270.0407
  pitch: 2.0720031
