timestamps:
  lastteleport: 1460774435851
  login: 1460774381541
  logout: 1460774585589
lastlocation:
  world: world
  x: -0.699999988079071
  y: 106.0
  z: 2.351715767955411
  yaw: 283.3958
  pitch: -13.79997
geolocation: United States
lastAccountName: kiinqtong
ipAddress: 216.172.142.105
logoutlocation:
  world: world
  x: -888.2690450956669
  y: 142.0
  z: 45.42363425660236
  yaw: 203.29614
  pitch: 48.299915
