timestamps:
  lastteleport: 1466414428120
  login: 1466414428140
  logout: 1466414527999
lastlocation:
  world: Plots
  x: -46.23799425180372
  y: 101.0
  z: -163.93427695941983
  yaw: -44.696564
  pitch: 11.358497
geolocation: N/A
lastAccountName: ItzBob_
ipAddress: 127.0.0.1
logoutlocation:
  world: Plots
  x: -14.003764877728347
  y: 101.0
  z: -123.6430696612328
  yaw: -36.144505
  pitch: 6.6826735
