timestamps:
  lastteleport: 1465592896415
  login: 1465592770131
  logout: 1465592900316
lastlocation:
  world: Plots
  x: -25.752886936750805
  y: 101.0
  z: -9.801136501670427
  yaw: 268.28516
  pitch: 2.0442767
geolocation: N/A
lastAccountName: Ninjyx
ipAddress: 127.0.0.1
logoutlocation:
  world: Plots
  x: 54.5
  y: 103.0
  z: 53.5
  yaw: -180.11426
  pitch: 0.29487818
