lastAccountName: DxSpirit
timestamps:
  login: 1464017805474
  logout: 1464018110420
  lastteleport: 1464017805461
ipAddress: 205.206.19.43
logoutlocation:
  world: world
  x: -911.3831826173928
  y: 147.3050771358175
  z: 12.14716036389995
  yaw: -225.21625
  pitch: 90.0
lastlocation:
  world: world
  x: -857.4432583606446
  y: 140.966
  z: 21.947677382010298
  yaw: 262.6405
  pitch: 0.14100435
