timestamps:
  lastteleport: 1464419508585
  login: 1464419508601
  logout: 1464419548824
lastlocation:
  world: world
  x: -884.6156534564265
  y: 141.99860741650593
  z: -17.69999998807907
  yaw: 172.30544
  pitch: 24.186867
geolocation: Norway
lastAccountName: Awesss
ipAddress: 88.88.41.170
logoutlocation:
  world: world
  x: -939.6999999880791
  y: 142.34311441860672
  z: 22.48317063143071
  yaw: 81.07849
  pitch: 6.3576746
