lastAccountName: oreomisty6567
timestamps:
  login: 1464304712085
  logout: 1464308224171
  lastteleport: 1464304712044
ipAddress: 156.57.208.105
geolocation: Canada
lastlocation:
  world: world
  x: -890.7302554388106
  y: 141.0
  z: 22.410772622832155
  yaw: 260.11975
  pitch: 2.0443683
logoutlocation:
  world: world
  x: -893.1048413850367
  y: 141.0
  z: 22.50150875026702
  yaw: 270.0407
  pitch: 2.0720031
