timestamps:
  lastteleport: 1464185608806
  login: 1464185608844
  logout: 1464185665443
lastlocation:
  world: world
  x: -898.5
  y: 140.0
  z: 22.5
  yaw: 270.0407
  pitch: 2.0720031
geolocation: Norway
lastAccountName: xSamohtPvP
ipAddress: 90.149.255.204
logoutlocation:
  world: world
  x: -883.8938447499869
  y: 141.0
  z: 20.80703415564357
  yaw: 77.844604
  pitch: 22.779991
