timestamps:
  lastteleport: 1465496421670
  login: 1465496421713
  logout: 1465496618862
lastlocation:
  world: Plots
  x: 54.497331642425706
  y: 103.0
  z: 50.63574977149759
  yaw: 179.88574
  pitch: 0.29487818
geolocation: N/A
lastAccountName: AphmauFan679
ipAddress: 127.0.0.1
logoutlocation:
  world: Plots
  x: -16.45666994075372
  y: 114.38996731947157
  z: 209.05758914382966
  yaw: 137.87769
  pitch: 34.781578
