timestamps:
  lastteleport: 1461858967713
  login: 1461858967716
  logout: 1461859084186
lastlocation:
  world: world
  x: -898.5
  y: 140.0
  z: 22.5
  yaw: 344.80453
  pitch: 19.455364
geolocation: Norway
lastAccountName: LadySjako
ipAddress: 88.88.40.234
logoutlocation:
  world: world
  x: -913.6607186282827
  y: 141.0
  z: 19.05000001192093
  yaw: 210.76495
  pitch: 32.531425
