timestamps:
  lastteleport: 1461593926224
  login: 1461593926249
  logout: 1461594094086
lastlocation:
  world: world
  x: -937.2140717321096
  y: 141.0
  z: -17.696444085333496
  yaw: 306.83313
  pitch: 3.7716792
geolocation: Norway
lastAccountName: Kocq
ipAddress: 88.88.41.170
logoutlocation:
  world: world
  x: -859.2593934117366
  y: 143.0
  z: 15.608247512616671
  yaw: -87.78113
  pitch: 0.30520117
