timestamps:
  lastteleport: 1457722135092
  login: 1457722135134
  logout: 1457722199255
lastlocation:
  world: world
  x: -556.5
  y: 45.0
  z: 163.5
  yaw: -0.5541687
  pitch: 1.5000026
lastAccountName: REDEYEDMOB
ipAddress: 109.153.187.141
geolocation: United Kingdom
logoutlocation:
  world: world
  x: -555.5131735444769
  y: 47.0
  z: 161.53931915294703
  yaw: -15.404079
  pitch: 37.2
