geolocation: United States
lastAccountName: Churrooooooooooo
timestamps:
  login: 1455349233121
  logout: 1455349247721
  lastteleport: 1455349233108
ipAddress: 71.72.181.255
lastlocation:
  world: world
  x: -560.1433890850868
  y: 48.0
  z: 163.54329134283375
  yaw: -276.50018
  pitch: 39.928307
logoutlocation:
  world: world
  x: -540.6328243783921
  y: 48.0
  z: 163.46795663595015
  yaw: -88.638794
  pitch: 12.977375
