timestamps:
  lastteleport: 1459017549320
  login: 1459017549344
  logout: 1459015572134
lastlocation:
  world: world
  x: -572.4594866640398
  y: 48.0
  z: 163.7613642195422
  yaw: -265.13055
  pitch: 33.802692
lastAccountName: cowboy_gaming
ipAddress: 72.219.172.129
geolocation: United States
logoutlocation:
  world: world
  x: -558.3609651813508
  y: 47.0
  z: 163.36327258176783
  yaw: 233.40686
  pitch: 1.0110995
