timestamps:
  lastteleport: 1460507753317
  login: 1460507753360
  logout: 1460507765266
lastlocation:
  world: world
  x: -898.5
  y: 140.0
  z: 22.5
  yaw: -89.9593
  pitch: -0.47799683
lastAccountName: Smiley10234
ipAddress: 68.125.55.59
geolocation: United States
logoutlocation:
  world: world
  x: -898.0827752919826
  y: 141.0
  z: -17.416985318612213
  yaw: 180.341
  pitch: 14.67202
