timestamps:
  lastteleport: 1461867394906
  login: 1461867394979
  logout: 1461867439181
lastlocation:
  world: world
  x: -898.5
  y: 140.0
  z: 22.5
  yaw: 270.0407
  pitch: 2.0720031
geolocation: Norway
lastAccountName: Tommy2009
ipAddress: 88.88.41.71
logoutlocation:
  world: world
  x: -939.3963037114318
  y: 141.0
  z: 22.308158636977186
  yaw: 90.50881
  pitch: 18.416845
