timestamps:
  lastteleport: 1459016581898
  login: 1459016581929
  logout: 1459016614254
lastlocation:
  world: world
  x: -556.5
  y: 45.0
  z: 163.5
  yaw: -0.5541687
  pitch: 1.5000026
geolocation: United States
lastAccountName: HypnoAnime
ipAddress: 98.180.75.160
logoutlocation:
  world: world
  x: -572.6741704498564
  y: 48.0
  z: 163.8389463506652
  yaw: 99.87671
  pitch: 16.613209
