timestamps:
  lastteleport: 1464545007205
  login: 1464544996440
  logout: 1464545082283
lastlocation:
  world: world
  x: -893.2246346565815
  y: 72.0
  z: 24.657782617300132
  yaw: 70.81406
  pitch: 10.323601
lastAccountName: Awesss
ipAddress: 127.0.0.1
geolocation: N/A
logoutlocation:
  world: world
  x: -899.6999999880791
  y: 67.0
  z: 27.338891067249246
  yaw: 68.78677
  pitch: 5.3041496
