timestamps:
  lastteleport: 1465340767716
  login: 1465340671554
  logout: 1465340775315
lastlocation:
  world: Plots
  x: -0.8893593720687962
  y: 101.0
  z: 103.61045945275836
  yaw: -91.65003
  pitch: 58.199978
geolocation: N/A
lastAccountName: TheOlympicPanda
ipAddress: 127.0.0.1
logoutlocation:
  world: Plots
  x: 55.74670691385885
  y: 103.0
  z: 32.83577198770527
  yaw: -182.51424
  pitch: 31.494871
