geolocation: United Kingdom
lastAccountName: Real_DreadLord
timestamps:
  login: 1453910273798
  logout: 1453910326697
ipAddress: 90.204.10.17
lastlocation:
  world: world
  x: 246.5
  y: 74.0
  z: 258.5
  yaw: 0.0
  pitch: 0.0
logoutlocation:
  world: world
  x: 257.6173600535702
  y: 237.0
  z: 255.08238125427766
  yaw: 286.20068
  pitch: 61.500008
