timestamps:
  lastteleport: 1456016113382
  login: 1456016113427
  logout: 1456016215302
lastlocation:
  world: world
  x: -556.5
  y: 45.0
  z: 163.5
  yaw: -0.5541687
  pitch: 1.5000026
geolocation: United States
lastAccountName: EnderOG
ipAddress: 74.215.86.218
logoutlocation:
  world: world
  x: -556.5861077487597
  y: 48.0
  z: 179.69999998807907
  yaw: 1.3954468
  pitch: 4.499981
