timestamps:
  lastteleport: 1461598213792
  login: 1461598213828
  logout: 1461598233346
lastlocation:
  world: world
  x: -857.5460273255746
  y: 141.89505427067553
  z: 22.992418539608305
  yaw: 311.09787
  pitch: 6.7608714
geolocation: Israel
lastAccountName: LadyShaka
ipAddress: 84.109.10.87
logoutlocation:
  world: world
  x: -870.5485970152989
  y: 143.0
  z: 29.733706426125373
  yaw: 257.78387
  pitch: 48.106693
