geolocation: New Caledonia
lastAccountName: _XxcatloverxX_
timestamps:
  login: 1454725731585
  logout: 1454725791088
ipAddress: 202.22.228.228
lastlocation:
  world: world
  x: -3.5
  y: 41.0
  z: 169.5
  yaw: 0.0
  pitch: 0.0
logoutlocation:
  world: world
  x: -554.2080167320089
  y: 37.0
  z: 165.30000001192093
  yaw: -106.00457
  pitch: 23.849985
