geolocation: United States
lastAccountName: Mikami_Kurosaki
timestamps:
  login: 1454124185325
  logout: 1454124248757
ipAddress: 24.143.42.131
lastlocation:
  world: world
  x: -566.5
  y: 57.0
  z: 154.5
  yaw: 0.0
  pitch: 0.0
logoutlocation:
  world: world
  x: -556.6843345192798
  y: 45.5
  z: 163.92227260533846
  yaw: -96.55493
  pitch: 27.149996
