geolocation: United States
lastAccountName: Thatolddog
timestamps:
  login: 1464381898046
  logout: 1464382019063
  lastteleport: 1464382007553
ipAddress: 173.169.54.87
lastlocation:
  world: world
  x: -879.5
  y: 141.0
  z: 5.5
  yaw: -86.33484
  pitch: -8.834021
logoutlocation:
  world: world
  x: -884.3738255956448
  y: 141.0
  z: -17.354237950542398
  yaw: 174.11084
  pitch: 71.15169
