geolocation: United States
lastAccountName: ChihuahuaLove01
timestamps:
  login: 1460813229916
  logout: 1460813420190
  lastteleport: 1460813229885
ipAddress: 99.164.56.236
lastlocation:
  world: world
  x: -556.1466331219028
  y: 48.0
  z: 168.96279320338536
  yaw: 159.49586
  pitch: 18.900005
logoutlocation:
  world: world
  x: -857.5111532212062
  y: 140.966
  z: 22.923037450078205
  yaw: 274.69058
  pitch: 53.522022
