geolocation: United States
lastAccountName: Mangle50
timestamps:
  login: 1454193504366
  logout: 1454193541099
ipAddress: 107.10.184.232
lastlocation:
  world: world
  x: -557.5
  y: 64.0
  z: 165.5
  yaw: 0.0
  pitch: 0.0
logoutlocation:
  world: world
  x: -556.3890023073125
  y: 48.0
  z: 179.36039839169374
  yaw: 43.63894
  pitch: 54.047882
