lastAccountName: idolev
timestamps:
  login: 1453827586028
  logout: 1453827787437
ipAddress: 79.176.183.55
geolocation: Israel
lastlocation:
  world: world
  x: 258.5
  y: 71.0
  z: 263.5
  yaw: 0.0
  pitch: 0.0
logoutlocation:
  world: world
  x: 254.4977217252297
  y: 176.63592328863746
  z: 255.4600922716309
  yaw: 11.850386
  pitch: -51.45001
