timestamps:
  lastteleport: 1460510146440
  login: 1460510146478
  logout: 1460510252292
lastlocation:
  world: world
  x: -897.8250098217842
  y: 142.78736963388153
  z: -17.699999988079067
  yaw: 181.38948
  pitch: 20.221981
geolocation: United States
lastAccountName: PVP_NotMeMC
ipAddress: 98.84.104.206
logoutlocation:
  world: world
  x: -899.0316345941019
  y: 141.0
  z: 62.3742438595783
  yaw: 0.340271
  pitch: 13.921993
