timestamps:
  lastteleport: 1461591045580
  login: 1461591045621
  logout: 1461591293916
lastlocation:
  world: world
  x: -939.6189936624571
  y: 142.2405459899588
  z: 21.937242539859177
  yaw: -274.30963
  pitch: 18.300018
lastAccountName: cal3b123
ipAddress: 105.225.123.130
geolocation: South Africa
logoutlocation:
  world: world
  x: -939.6999999880791
  y: 141.62918417947094
  z: 22.542575589229706
  yaw: -269.51
  pitch: 14.372058
