timestamps:
  lastteleport: 1461590899069
  login: 1461590899098
  logout: 1461590926187
lastlocation:
  world: world
  x: -939.4697224889063
  y: 140.87999710072626
  z: 21.5211362099925
  yaw: 75.64075
  pitch: 17.972
geolocation: South Africa
lastAccountName: PixelMinerXD123
ipAddress: 105.225.123.130
logoutlocation:
  world: world
  x: -939.3971492938023
  y: 141.0
  z: 21.748641828862986
  yaw: 85.09067
  pitch: 1.3219962
