lastlocation:
  world: world
  x: -905.8316512972787
  y: 141.0
  z: 24.3717924447608
  yaw: 81.490814
  pitch: -1.078029
lastAccountName: TheOlympicPanda
timestamps:
  login: 1464440540667
  lastteleport: 1464440540629
  logout: 1464440544928
ipAddress: 71.179.6.25
logoutlocation:
  world: world
  x: -891.3430134251133
  y: 141.0
  z: 22.50141405064096
  yaw: 270.0407
  pitch: 2.0720031
powertools: {}
afk: false
