lastAccountName: nonocp
timestamps:
  login: 1454870012583
  logout: 1454870032872
ipAddress: 5.102.254.19
geolocation: Israel
lastlocation:
  world: world
  x: -7.5
  y: 38.0
  z: 172.5
  yaw: 0.0
  pitch: 0.0
logoutlocation:
  world: world
  x: -555.3687551748608
  y: 46.0
  z: 163.26407227261456
  yaw: -271.61246
  pitch: 16.60769
