timestamps:
  lastteleport: 1461761890997
  login: 1461761891336
  logout: 1461761892654
lastlocation:
  world: world
  x: -898.5
  y: 140.0
  z: 22.5
  yaw: 270.0407
  pitch: 2.0720031
geolocation: Norway
lastAccountName: MushroomPig
ipAddress: 88.88.41.170
logoutlocation:
  world: world
  x: -898.3745958751675
  y: 140.0
  z: 22.500026307767257
  yaw: 270.0407
  pitch: 2.0720031
