timestamps:
  lastteleport: 1466782424557
  login: 1466782424645
  logout: 1466783512653
lastlocation:
  world: Plots
  x: 52.54083077215516
  y: 103.78502770378924
  z: 27.42744778736447
  yaw: -180.69649
  pitch: -6.5752163
geolocation: N/A
lastAccountName: ComedicCoder
ipAddress: 127.0.0.1
logoutlocation:
  world: Plots
  x: -176.61021054369272
  y: 156.97840667716198
  z: 80.22959919325667
  yaw: -2.3320312
  pitch: 29.167305
