timestamps:
  lastteleport: 1456452019715
  login: 1456452019816
  logout: 1456452047470
lastlocation:
  world: world
  x: -555.3017565131886
  y: 48.0
  z: 156.53026782930993
  yaw: -185.18695
  pitch: 8.7552185
lastAccountName: iiSquishy
ipAddress: 77.103.208.10
geolocation: United Kingdom
logoutlocation:
  world: world
  x: -540.6936457249344
  y: 48.0
  z: 163.39591953043507
  yaw: 268.38956
  pitch: 48.219917
