lastlocation:
  world: world
  x: -556.5
  y: 48.0
  z: 163.5
  yaw: -0.5541687
  pitch: 1.5000026
geolocation: United States
lastAccountName: LightWarrior_Kaz
timestamps:
  login: 1456450519213
  logout: 1456450585278
  lastteleport: 1456450519182
ipAddress: 71.79.2.146
logoutlocation:
  world: world
  x: -556.4922593822776
  y: 48.0
  z: 168.4911006766402
  yaw: -2.5041656
  pitch: 33.15
