jails: 
  hub: 
    world: world
    x: -883.447983544881
    y: 155.0
    z: 37.50944470115154
    yaw: -182.39014
    pitch: 8.099956
