spawns: 
  default: 
    world: world
    x: -898.5612698148459
    y: 141.0
    z: 22.56720366075263
    yaw: 269.5908
    pitch: -0.90002334
