world: Factions
x: 46.509849723176494
y: 65.0
z: 114.5342028505106
yaw: -179.46033
pitch: -5.1000013
name: Arena
