world: Factions
x: -1.9943831747797085
y: 183.0
z: 1005.5070819646273
yaw: 18.300323
pitch: -6.6636996
name: BuildingTeam
