world: Factions
x: 67.4860682524371
y: 58.0
z: 72.46619002122488
yaw: 0.03189087
pitch: 1.1999929
name: ItemShop
