world: Factions
x: 28.809509181906684
y: 65.0
z: 132.47869775407744
yaw: 89.99753
pitch: 0.90000296
name: Shop
