world: Factions
x: 1003.9595866982454
y: 68.0
z: 746.5859091641707
yaw: 0.6152344
pitch: 3.750007
name: Wild
