timestamps:
  lastteleport: 1461457223098
  login: 1461457223126
  logout: 1461457250960
lastlocation:
  world: world
  x: -898.5
  y: 140.0
  z: 22.5
  yaw: 270.0407
  pitch: 2.0720031
geolocation: Canada
lastAccountName: _OriginalDoge_
ipAddress: 156.57.203.16
logoutlocation:
  world: world
  x: -892.6494486202522
  y: 151.98812391371357
  z: 10.434945500214308
  yaw: 25.390764
  pitch: 8.372002
