timestamps:
  lastteleport: 1455152645892
  login: 1455152645937
  logout: 1455152677805
lastlocation:
  world: world
  x: -556.5
  y: 45.0
  z: 163.5
  yaw: -0.5541687
  pitch: 1.5000026
geolocation: United States
lastAccountName: lLapisbombl
ipAddress: 24.0.128.85
logoutlocation:
  world: world
  x: -540.5958324960642
  y: 48.0
  z: 163.39799200916906
  yaw: -74.80444
  pitch: 21.299997
