timestamps:
  lastteleport: 1467204877115
  login: 1467204877154
  logout: 1467204917972
lastlocation:
  world: world
  x: -898.5
  y: 140.0
  z: 22.5
  yaw: 269.5908
  pitch: -0.90002334
lastAccountName: EpicKiller321
ipAddress: 49.181.199.24
geolocation: Australia
logoutlocation:
  world: world
  x: -898.5
  y: 140.0
  z: 22.5
  yaw: 269.5908
  pitch: -0.90002334
