timestamps:
  lastteleport: 1467678389949
  login: 1467678389960
  logout: 1467678395289
lastlocation:
  world: world
  x: -857.647420856479
  y: 141.0
  z: 22.66062857830993
  yaw: 267.9408
  pitch: 30.899975
lastAccountName: PiePigAnonymous
ipAddress: 50.148.119.91
geolocation: United States
logoutlocation:
  world: world
  x: -857.3000000119209
  y: 140.9047999995947
  z: 23.048941964683642
  yaw: 265.24097
  pitch: 35.699993
