timestamps:
  lastteleport: 1467668459077
  login: 1467668459354
  logout: 1467668464463
lastlocation:
  world: world
  x: -857.3000000119209
  y: 141.76522566092905
  z: 22.165237500808164
  yaw: 293.7418
  pitch: 27.70602
lastAccountName: shortynovember
ipAddress: 72.49.243.188
geolocation: United States
logoutlocation:
  world: world
  x: -857.507267290184
  y: 140.966
  z: 22.571125526099134
  yaw: 273.57684
  pitch: 54.670727
