timestamps:
  lastteleport: 1460507720716
  login: 1460507720754
  logout: 1460507780301
lastlocation:
  world: world
  x: -898.5
  y: 140.0
  z: 22.5
  yaw: -89.9593
  pitch: -0.47799683
geolocation: United States
lastAccountName: awesomegamer777
ipAddress: 24.217.171.129
logoutlocation:
  world: world
  x: -898.3132612913021
  y: 142.04786397656298
  z: -17.69999998807907
  yaw: 187.3601
  pitch: 25.207642
