timestamps:
  lastteleport: 1466967651936
  login: 1466967651957
  logout: 1466967662906
lastlocation:
  world: world
  x: -898.5
  y: 140.0
  z: 22.5
  yaw: 269.5908
  pitch: -0.90002334
geolocation: United Kingdom
lastAccountName: ComedicCoder
ipAddress: 81.96.168.131
logoutlocation:
  world: world
  x: -898.5
  y: 140.0
  z: 22.5
  yaw: 269.5908
  pitch: -0.90002334
