timestamps:
  lastteleport: 1466698675823
  login: 1466698675862
  logout: 1466698695117
lastlocation:
  world: world
  x: -894.8797825587212
  y: 141.5
  z: 23.810724153737265
  yaw: 277.7128
  pitch: 12.979451
geolocation: United Kingdom
lastAccountName: epicdragon03
ipAddress: 80.1.25.253
logoutlocation:
  world: world
  x: -857.6763851482625
  y: 142.51851755191768
  z: 22.722042230972882
  yaw: 225.27922
  pitch: 8.595655
