timestamps:
  lastteleport: 1464188305983
  login: 1464188306021
  logout: 1464188375749
lastlocation:
  world: world
  x: -939.62640552709
  y: 140.9047999995947
  z: 22.631351938329566
  yaw: 90.940704
  pitch: 16.022
geolocation: United Kingdom
lastAccountName: adamo1130
ipAddress: 88.110.103.138
logoutlocation:
  world: world
  x: -885.0495697643088
  y: 141.0
  z: -17.401779461612747
  yaw: 193.69063
  pitch: 1.1720092
