timestamps:
  lastteleport: 1465594322472
  login: 1465594322508
  logout: 1465594337455
lastlocation:
  world: world
  x: -857.9708086928
  y: 141.0
  z: 22.80818011010676
  yaw: 37.826904
  pitch: 30.266506
geolocation: United States
lastAccountName: AphmauFan679
ipAddress: 50.163.188.110
logoutlocation:
  world: world
  x: -898.5
  y: 140.0
  z: 22.5
  yaw: 269.5908
  pitch: -0.90002334
