timestamps:
  lastteleport: 1461872151073
  login: 1461872151112
  logout: 1461872154810
lastlocation:
  world: world
  x: -896.3127358311237
  y: 141.0
  z: 22.50736608076113
  yaw: 270.5078
  pitch: 1.6049006
lastAccountName: MasterK9910
ipAddress: 82.46.130.144
geolocation: United Kingdom
logoutlocation:
  world: world
  x: -883.0888496327473
  y: 141.4807108763317
  z: 22.496916503905595
  yaw: 269.6403
  pitch: 1.6049006
