lastAccountName: DxSpirit
timestamps:
  login: 1465772062080
  logout: 1465772103462
  lastteleport: 1465772062052
ipAddress: 205.206.19.43
logoutlocation:
  world: world
  x: -924.0137034590422
  y: 150.6783824899993
  z: -8.530927584220851
  yaw: 318.19092
  pitch: 12.600056
lastlocation:
  world: world
  x: -886.2194327179537
  y: 163.2262884229611
  z: 28.730735168569442
  yaw: -85.30927
  pitch: 53.07202
