timestamps:
  lastteleport: 1466263359164
  login: 1466263322758
  logout: 1466263493034
lastlocation:
  world: world
  x: -893.3264313392924
  y: 141.0
  z: 22.426481923866046
  yaw: 268.6733
  pitch: -6.8229346
geolocation: Norway
lastAccountName: xSamohtPvP
ipAddress: 90.149.255.204
logoutlocation:
  world: world
  x: -896.4606138413799
  y: 118.0
  z: 25.770476187877268
  yaw: -129.62877
  pitch: 14.976887
