timestamps:
  lastteleport: 1466696396414
  login: 1466696396431
  logout: 1466696429532
lastlocation:
  world: world
  x: -898.5
  y: 141.0
  z: 22.5
  yaw: 278.31888
  pitch: 25.284084
lastAccountName: fantaboy15
ipAddress: 51.174.227.250
geolocation: Norway
logoutlocation:
  world: world
  x: -898.5
  y: 141.0
  z: 22.5
  yaw: 269.5908
  pitch: 0.6402182
