timestamps:
  lastteleport: 1467356122417
  login: 1467356122442
  logout: 1467356123091
lastlocation:
  world: world
  x: -898.5
  y: 140.0
  z: 22.5
  yaw: 269.5908
  pitch: -0.90002334
geolocation: Lithuania
lastAccountName: PonasPomidoras
ipAddress: 77.219.67.38
logoutlocation:
  world: world
  x: -898.5
  y: 140.0
  z: 22.5
  yaw: 269.5908
  pitch: -0.90002334
