timestamps:
  lastteleport: 1460813010086
  login: 1460813010122
  logout: 1460813024706
lastlocation:
  world: world
  x: -898.1284726678299
  y: 140.0
  z: 22.458811152647264
  yaw: -131.12422
  pitch: -90.0
lastAccountName: TriforceStudios
ipAddress: 99.169.172.88
geolocation: United States
logoutlocation:
  world: world
  x: -908.1616235078803
  y: 142.0
  z: -0.9613667757769541
  yaw: -246.63141
  pitch: 35.771618
