timestamps:
  lastteleport: 1465408216262
  login: 1465408216298
  logout: 1465408383225
lastlocation:
  world: world
  x: -884.1144229848718
  y: 141.0
  z: 62.09947315263312
  yaw: 2.8377686
  pitch: 8.686751
lastAccountName: Gorrest_Fump
ipAddress: 184.99.117.101
geolocation: United States
logoutlocation:
  world: world
  x: -884.5900442004439
  y: 141.0
  z: 62.1763613092836
  yaw: 355.6181
  pitch: -30.48798
