timestamps:
  lastteleport: 1465315159424
  login: 1465315159464
  logout: 1465315193644
lastlocation:
  world: world
  x: -898.6400386170282
  y: 141.0
  z: 11.261018200673282
  yaw: 176.44081
  pitch: 18.449978
geolocation: United States
lastAccountName: EmeraldTrek
ipAddress: 76.183.77.43
logoutlocation:
  world: world
  x: -939.6999999880791
  y: 142.41671277337468
  z: 8.58408017247043
  yaw: 92.44075
  pitch: 14.099978
