timestamps:
  lastteleport: 1466985598507
  login: 1466985598546
  logout: 1466985625902
lastlocation:
  world: world
  x: -857.3753507644656
  y: 141.26069683302575
  z: 22.520904059442444
  yaw: 267.1902
  pitch: 12.000016
geolocation: United States
lastAccountName: Silvercat711
ipAddress: 69.126.116.167
logoutlocation:
  world: world
  x: -938.3600367290155
  y: 142.0
  z: 11.729636641460909
  yaw: 268.24054
  pitch: 17.549978
