lastlocation:
  world: world
  x: -561.5
  y: 63.0
  z: 160.5
  yaw: 0.0
  pitch: 0.0
lastAccountName: sirtristan18
timestamps:
  login: 1454201030457
  logout: 1454201042570
ipAddress: 24.76.230.209
geolocation: Canada
logoutlocation:
  world: world
  x: -556.9135722989608
  y: 48.0
  z: 179.47658160928327
  yaw: -0.10431953
  pitch: 20.099993
