timestamps:
  lastteleport: 1466520036748
  login: 1466520036774
  logout: 1466520044924
lastlocation:
  world: world
  x: -857.8075908527122
  y: 141.0
  z: 22.71641089933309
  yaw: 266.1082
  pitch: 32.40422
geolocation: Norway
lastAccountName: ItzBob_
ipAddress: 90.149.254.206
logoutlocation:
  world: world
  x: -857.5017443311116
  y: 140.966
  z: 23.173370219348012
  yaw: 271.44098
  pitch: 27.506544
