timestamps:
  lastteleport: 1465754229511
  login: 1465754229538
  logout: 1465754282874
lastlocation:
  world: world
  x: -857.3000000119209
  y: 142.4155823340766
  z: 23.136868977472318
  yaw: 268.85733
  pitch: 9.787015
geolocation: Norway
lastAccountName: Tommy2009
ipAddress: 88.88.41.71
logoutlocation:
  world: world
  x: -857.8349389954176
  y: 141.0
  z: 22.548438380939494
  yaw: 269.01422
  pitch: 34.82814
