timestamps:
  lastteleport: 1464890965098
  login: 1464890965134
  logout: 1464891016984
lastlocation:
  world: world
  x: -898.5
  y: 140.0
  z: 22.5
  yaw: 270.0407
  pitch: 2.0720031
geolocation: United States
lastAccountName: DanaSparks
ipAddress: 76.183.77.43
logoutlocation:
  world: world
  x: -912.3743405492557
  y: 141.0
  z: -17.277103922217236
  yaw: 237.04126
  pitch: -0.32798752
