timestamps:
  lastteleport: 1455651146165
  login: 1455651146207
  logout: 1455651159168
lastlocation:
  world: world
  x: -556.5
  y: 45.0
  z: 163.5
  yaw: -0.5541687
  pitch: 1.5000026
lastAccountName: MomGetMeMySteak
ipAddress: 75.174.16.249
geolocation: United States
logoutlocation:
  world: world
  x: -559.5013257192074
  y: 48.0
  z: 163.28140777893347
  yaw: 81.75243
  pitch: 18.004084
