timestamps:
  lastteleport: 1461457482458
  login: 1461457482485
  logout: 1461457579156
lastlocation:
  world: world
  x: -898.5
  y: 140.0
  z: 22.5
  yaw: 15.300781
  pitch: 90.0
geolocation: Canada
lastAccountName: oreomisty
ipAddress: 156.57.188.194
logoutlocation:
  world: world
  x: -898.5
  y: 140.0
  z: 22.5
  yaw: 332.13635
  pitch: 25.224585
