timestamps:
  lastteleport: 1467007025915
  login: 1467007003214
  logout: 1467007105770
lastlocation:
  world: world
  x: -894.2844334338484
  y: 141.0
  z: 22.489993738781777
  yaw: 269.5908
  pitch: -2.004168
geolocation: Australia
lastAccountName: Blazing2799
ipAddress: 124.191.14.104
logoutlocation:
  world: world
  x: -898.2009541635175
  y: 118.0
  z: 18.753439356832356
  yaw: -191.16705
  pitch: -5.731532
