timestamps:
  lastteleport: 1467676284555
  login: 1467676284582
  logout: 1467676286372
lastlocation:
  world: world
  x: -898.5
  y: 140.0
  z: 22.5
  yaw: 269.5908
  pitch: -0.90002334
geolocation: United States
lastAccountName: Ninjyx
ipAddress: 72.201.122.223
logoutlocation:
  world: world
  x: -898.5
  y: 140.0
  z: 22.5
  yaw: 269.5908
  pitch: -0.90002334
