lastAccountName: SlimyPanda
timestamps:
  login: 1455059535524
  logout: 1455059548956
ipAddress: 2.121.126.25
geolocation: United Kingdom
lastlocation:
  world: world
  x: -1.5
  y: 42.0
  z: 159.5
  yaw: 0.0
  pitch: 0.0
logoutlocation:
  world: world
  x: -546.9989571246476
  y: 48.0
  z: 164.65421180566773
  yaw: 266.89587
  pitch: 18.45
