timestamps:
  lastteleport: 1465564796756
  login: 1465564748649
  logout: 1465564835658
lastlocation:
  world: world
  x: -894.5
  y: 118.0
  z: 20.5
  yaw: -272.69107
  pitch: 37.364723
lastAccountName: zWint3rx_
ipAddress: 92.96.146.41
geolocation: United Arab Emirates
logoutlocation:
  world: world
  x: -898.5
  y: 119.0
  z: 22.5
  yaw: -90.265396
  pitch: 25.49999
