timestamps:
  lastteleport: 1459221318357
  login: 1459221318395
  logout: 1459221319646
lastlocation:
  world: world
  x: -556.5
  y: 45.0
  z: 163.5
  yaw: -0.5541687
  pitch: 1.5000026
geolocation: Germany
lastAccountName: FlyAsGermanWings
ipAddress: 85.25.202.53
logoutlocation:
  world: world
  x: -556.5
  y: 45.0
  z: 163.5
  yaw: -0.5541687
  pitch: 1.5000026
