timestamps:
  lastteleport: 1460812492045
  login: 1460812492093
  logout: 1460812808806
lastlocation:
  world: world
  x: -572.4219706117692
  y: 48.0
  z: 163.4203953254756
  yaw: 25.695818
  pitch: 58.650013
lastAccountName: CourtneyCat185
ipAddress: 89.243.57.144
geolocation: United Kingdom
logoutlocation:
  world: world
  x: -857.8546138782608
  y: 141.0
  z: 22.57416141449495
  yaw: -100.908966
  pitch: 28.950022
