timestamps:
  lastteleport: 1456593238378
  login: 1456593238439
  logout: 1456593286967
lastlocation:
  world: world
  x: -556.5
  y: 45.0
  z: 163.5
  yaw: -0.5541687
  pitch: 1.5000026
geolocation: United Kingdom
lastAccountName: Plecostemous
ipAddress: 109.151.173.142
logoutlocation:
  world: world
  x: -540.4185287216984
  y: 48.0
  z: 164.17595948646277
  yaw: -34.454193
  pitch: 40.350002
