timestamps:
  lastteleport: 1466429157457
  login: 1466429157495
  logout: 1466429186759
lastlocation:
  world: world
  x: -898.5
  y: 140.0
  z: 22.5
  yaw: 269.5908
  pitch: -0.90002334
geolocation: New Zealand
lastAccountName: NancyKH
ipAddress: 47.72.234.180
logoutlocation:
  world: world
  x: -895.9902846654086
  y: 141.5
  z: 22.68003145534812
  yaw: 274.08804
  pitch: -1.6495669
