timestamps:
  lastteleport: 1466885204833
  login: 1466885204850
  logout: 1466885211391
lastlocation:
  world: world
  x: -939.6999999880791
  y: 141.29023148349347
  z: 22.538317701325777
  yaw: 90.12656
  pitch: 8.786237
geolocation: United Kingdom
lastAccountName: JessandZack
ipAddress: 82.34.63.66
logoutlocation:
  world: world
  x: -887.3280803119984
  y: 141.0
  z: 21.701139742001793
  yaw: 273.92566
  pitch: 13.808961
