timestamps:
  lastteleport: 1466660365689
  login: 1466660365772
  logout: 1466660381947
lastlocation:
  world: world
  x: -898.5
  y: 140.0
  z: 22.5
  yaw: 269.5908
  pitch: -0.90002334
geolocation: United States
lastAccountName: Sleep
ipAddress: 71.196.225.178
logoutlocation:
  world: world
  x: -899.9008252488406
  y: 141.0
  z: 34.9401170387101
  yaw: -6.641423
  pitch: 11.795469
