timestamps:
  lastteleport: 1456627951083
  login: 1456627951138
  logout: 1456627960758
lastlocation:
  world: world
  x: -556.4894011230936
  y: 48.0
  z: 166.25248918070497
  yaw: -0.5541687
  pitch: 1.5000026
lastAccountName: BreakinqAnkles
ipAddress: 72.64.210.110
logoutlocation:
  world: world
  x: -557.6999999880791
  y: 48.0
  z: 154.48840890468125
  yaw: -8.387838
  pitch: 13.818384
