timestamps:
  lastteleport: 1455306881049
  login: 1455306881086
  logout: 1455306888661
lastlocation:
  world: world
  x: -556.5
  y: 45.0
  z: 163.5
  yaw: -0.5541687
  pitch: 1.5000026
geolocation: United States
lastAccountName: jclarkgreen
ipAddress: 71.79.2.146
logoutlocation:
  world: world
  x: -556.5
  y: 45.0
  z: 163.5
  yaw: 3.3458307
  pitch: -10.349998
