timestamps:
  lastteleport: 1466849427814
  login: 1466849427851
  logout: 1466849451169
lastlocation:
  world: world
  x: -857.3000000119209
  y: 141.48138345434123
  z: 22.673814130704503
  yaw: -88.92666
  pitch: 10.595958
geolocation: United Kingdom
lastAccountName: witchhutmission
ipAddress: 82.34.217.36
logoutlocation:
  world: world
  x: -939.6999999880791
  y: 142.33026185531003
  z: 22.194645702572164
  yaw: 100.99279
  pitch: -6.159868
