timestamps:
  lastteleport: 1467366175625
  login: 1467366175659
  logout: 1467366221411
lastlocation:
  world: world
  x: -857.3000000119209
  y: 140.05873192048
  z: 22.589758015381385
  yaw: 265.5407
  pitch: 47.84998
geolocation: South Africa
lastAccountName: PixelMinerXD123
ipAddress: 105.227.176.66
logoutlocation:
  world: world
  x: -857.6204301773238
  y: 141.0
  z: 22.9677807770049
  yaw: 268.0908
  pitch: -11.550023
