timestamps:
  lastteleport: 1464377560381
  login: 1464377560421
  logout: 1464377884712
lastlocation:
  world: world
  x: -898.5
  y: 140.0
  z: 22.5
  yaw: 270.0407
  pitch: 2.0720031
lastAccountName: K00L_AID_MAN_69
ipAddress: 76.11.35.149
geolocation: Canada
logoutlocation:
  world: world
  x: -929.6099207824577
  y: 141.0
  z: -5.726479818002486
  yaw: 311.06494
  pitch: 18.703783
