timestamps:
  lastteleport: 1466608306513
  login: 1466608306547
  logout: 1466608337266
lastlocation:
  world: world
  x: -857.4068531821966
  y: 140.966
  z: 22.332135108250913
  yaw: 269.5908
  pitch: -0.2856233
lastAccountName: _71_
ipAddress: 75.81.244.144
geolocation: United States
logoutlocation:
  world: world
  x: -939.3000000119209
  y: 140.27659703786574
  z: 8.567263652072123
  yaw: -143.28601
  pitch: 42.72241
