timestamps:
  lastteleport: 1465659743719
  login: 1465659743775
  logout: 1465659853834
lastlocation:
  world: world
  x: -898.5
  y: 140.0
  z: 22.5
  yaw: 269.5908
  pitch: -0.90002334
geolocation: United States
lastAccountName: Yackity_Yack
ipAddress: 75.72.16.22
logoutlocation:
  world: world
  x: -857.8720417946167
  y: 141.0
  z: 22.451731149350756
  yaw: 247.68951
  pitch: 19.435347
