timestamps:
  lastteleport: 1466515274276
  login: 1466515274298
  logout: 1466515282264
lastlocation:
  world: world
  x: -898.5
  y: 140.0
  z: 22.5
  yaw: 269.5908
  pitch: -0.90002334
lastAccountName: WubADubNub
ipAddress: 61.97.241.100
geolocation: Korea, Republic of
logoutlocation:
  world: world
  x: -898.5
  y: 140.0
  z: 22.5
  yaw: 232.70421
  pitch: -56.577904
