timestamps:
  lastteleport: 1466455272535
  login: 1466455264056
  logout: 1466455279935
lastlocation:
  world: world
  x: -897.9934884789627
  y: 140.0
  z: 22.51431009825319
  yaw: 273.4908
  pitch: -5.5500236
geolocation: United States
lastAccountName: ThunderKirby12
ipAddress: 76.183.77.43
logoutlocation:
  world: world
  x: -939.2756758245125
  y: 141.0
  z: 8.134916616096362
  yaw: -274.60394
  pitch: 40.253033
