timestamps:
  lastteleport: 1466431549198
  login: 1466431549233
  logout: 1466431574898
lastlocation:
  world: world
  x: -898.5
  y: 140.0
  z: 22.5
  yaw: 269.5908
  pitch: -0.90002334
geolocation: Norway
lastAccountName: Trawlamon
ipAddress: 85.165.224.75
logoutlocation:
  world: world
  x: -884.7140894168509
  y: 141.0
  z: 5.874066798871635
  yaw: 183.49167
  pitch: 9.687565
