timestamps:
  lastteleport: 1465761019686
  login: 1465761019739
  logout: 1465761033874
lastlocation:
  world: world
  x: -912.6803776893415
  y: 141.0
  z: -0.2658174083202105
  yaw: 3.92453
  pitch: 22.819433
lastAccountName: xLenaPikachux
ipAddress: 212.186.20.100
geolocation: Austria
logoutlocation:
  world: world
  x: -866.177905039519
  y: 141.65658248110964
  z: 21.979227004165665
  yaw: 187.88658
  pitch: 14.00468
