lastlocation:
  world: world
  x: -556.4922593822776
  y: 48.0
  z: 168.4911006766402
  yaw: -2.5041656
  pitch: 33.15
geolocation: United States
lastAccountName: LightWarrior_Kaz
timestamps:
  login: 1465513923530
  logout: 1465513947276
  lastteleport: 1465513923515
ipAddress: 71.79.2.146
logoutlocation:
  world: world
  x: -857.3000000119209
  y: 140.9047999995947
  z: 23.02547416344752
  yaw: 268.20148
  pitch: -5.5228324
