spawns: 
  default: 
    world: Plots
    x: 54.50419285982117
    y: 104.0
    z: 53.57084240754388
    yaw: -180.11426
    pitch: 0.29487818
