spawns: 
  default: 
    world: Factions
    x: -1306.5438290038176
    y: 176.0
    z: -1525.384999001733
    yaw: -179.62769
    pitch: -1.3500252
